mode,load,0_efficientnet_b5-2,1_mobilenet_v3_large-16
mps-uncap,1.0,0.0,0.0
