mode,load,0_densenet121-2,1_efficientnet_b5-16,2_resnet18-8
mps-uncap,1.0,0.0,0.0,0.0
