mode,load,0_densenet201-8,1_efficientnet_b6-2,2_mobilenet_v2-32
mps-uncap,1.0,0.0,0.0,0.0
